.Random.seed <-
c(403L, 11L, -600521790L, 198253684L, -1058442633L, -1871000723L, 
75017220L, -1269151958L, -668642155L, 635716399L, -186584522L, 
-1530591648L, -755805021L, -793608255L, 1311366064L, 1006370510L, 
1251294265L, -588701109L, 280614906L, 1795093244L, 890435391L, 
968964117L, 181357356L, -1683275774L, 746064605L, 1803899351L, 
-1953686338L, 1776072440L, -627653413L, -1065945287L, 945840776L, 
-1065662922L, 1605916273L, -1063361373L, 1388801522L, -1076183740L, 
2121481735L, -1170703395L, -570370860L, -705041414L, 2006432581L, 
-296484961L, -609127130L, 1482079664L, -1549314477L, 718418289L, 
-402376544L, 855885886L, 397197129L, -1271421445L, 308390346L, 
-766212308L, -625535185L, -651708955L, -1300850532L, -424293134L, 
1304397165L, -1556561241L, 203435214L, -1604419032L, -345198037L, 
-2092394423L, 485017944L, 1703268358L, -1703132703L, 1272703859L, 
-2141610014L, -1127434412L, 2007382615L, -1994491315L, -1535967772L, 
77879242L, 1165228597L, 1700102287L, 1257038230L, -1535050432L, 
-424038397L, -265047519L, -1585588976L, 234527470L, 250865305L, 
-1230043349L, 1005535770L, -512769828L, -1077150497L, 1188973237L, 
2145090636L, -1458085726L, -374358019L, -2047165193L, 202050078L, 
175768792L, 1990973499L, -462224935L, 1048287080L, 1952455318L, 
-1632328687L, 950048195L, 1075624402L, 1970548836L, 1904963495L, 
358359293L, 1321817332L, -1488047142L, -1042389211L, -1701171649L, 
1716229574L, -594628016L, -1568780685L, -1109982575L, -1371768128L, 
720919710L, -35549079L, 9522331L, 87197098L, 464692684L, -1621817201L, 
-376846139L, 92194940L, 1506575570L, -301212595L, 345148679L, 
-218910482L, 27337160L, 926688971L, -1557907671L, 1318387576L, 
-531422042L, -3397951L, 326278995L, -1042867198L, 1580476724L, 
1696080567L, 2107489965L, 1862152132L, 775690218L, 823867477L, 
-661346833L, 1138920950L, -1794409696L, -1070263069L, -128839295L, 
592472048L, -837056882L, -1605506567L, 1671291787L, 1785147322L, 
867139260L, 1667732991L, -235744427L, 560178284L, 2105000130L, 
-1215323363L, -479676009L, 1129857278L, -2100972872L, 1028517019L, 
-1856619783L, -1474909112L, -2072752266L, 881892017L, 1103313635L, 
-793052750L, 1857530372L, -1624260281L, -899748835L, -701603180L, 
-1660794310L, -1960721275L, -631637665L, 2145745382L, -815052688L, 
-1922966637L, 987581489L, 544457440L, 417141630L, 524732937L, 
1027883579L, 1565670410L, -1201495060L, 1472252015L, -866670683L, 
-9916580L, -1409158350L, -1962624467L, 690305255L, 1656986126L, 
1684129768L, 434936299L, -488224119L, -99687912L, 1179470150L, 
853206945L, -30873037L, -1980905566L, 1241858708L, -698902249L, 
2078017293L, 266780196L, -46488054L, -96460939L, 630385359L, 
-775492138L, -699129472L, 408877507L, -1422938271L, 1988367824L, 
-125532882L, -473631527L, 991006443L, 674605914L, -1967534820L, 
-1767109601L, 849752181L, 1597123852L, 1669464290L, 469633469L, 
871386679L, 1329816798L, 1661624344L, 1406984059L, -131662055L, 
-1370815576L, -1365216426L, -2132857903L, 1552727939L, 1772538386L, 
-289899100L, 503925095L, 227818992L, 40361924L, 186343768L, -2138950278L, 
-1492009040L, -1396861508L, 147235924L, 1176905666L, 190814240L, 
-1764038468L, 2054461008L, -94023710L, -1127794584L, 391422028L, 
-585054980L, -289425422L, -2095567616L, 109524340L, -1204492280L, 
33231802L, -1245960752L, -1573425172L, -182465132L, 1382988242L, 
1446224224L, 2024688460L, 1312110880L, -1303718014L, -1981651224L, 
-1232817940L, -2014619588L, -1121325198L, -1037414800L, -680854492L, 
-1364347080L, -2124069734L, 35726032L, -1803843396L, -1725626732L, 
-1310241150L, 57968832L, 1943732028L, 999391376L, 2056357410L, 
483429384L, 1524821260L, -1815847780L, -1991040494L, -2026261632L, 
-1920780780L, 659514920L, -1990456006L, 1596683728L, -1122361236L, 
-1825196748L, -944340334L, -364279968L, -356008116L, 1885093856L, 
-1669338206L, -1042957400L, 2040379788L, 1694921916L, 337961330L, 
1173299440L, -973004732L, -1326232232L, -720281030L, 699527024L, 
1681792060L, -1592059116L, 958371266L, -330258720L, -928541828L, 
903434960L, -1007459166L, 1789265960L, 1882315020L, -975010884L, 
-769157838L, -536432192L, -526339532L, 136284104L, 237933754L, 
-1528538736L, -2030018068L, 1684803156L, -1293742958L, -923804896L, 
1398690252L, -522367520L, -1868931390L, -1331453912L, 1142894252L, 
939643068L, 1254241778L, -497431248L, 17757348L, -1349610824L, 
1963370842L, -1662692976L, -669663364L, 2009913620L, -1022050494L, 
-1186332928L, -514604100L, 8375120L, -1983017182L, 1461470536L, 
1977738764L, 1414328412L, 1910503634L, -213047808L, 2055186772L, 
1093891560L, -2006166534L, -1266090800L, 489810220L, 2089260788L, 
1611183506L, 1191764064L, 60908812L, -867331360L, -1506159262L, 
-1473557848L, -172789172L, 423488892L, 1914491186L, 1970216048L, 
1578623812L, -2073011752L, 638987386L, -807002576L, 315503292L, 
-1758409900L, -988118974L, -763311712L, -1248774468L, 1713419728L, 
-296825502L, -1284522008L, -731705396L, 595925756L, 283053554L, 
-767458176L, 1989345524L, -1202855288L, -262724806L, -672317616L, 
939061868L, 1114339476L, -982294190L, -1656527136L, -2099462452L, 
-1033797472L, -1762211966L, 2002462440L, -2020368660L, -629571524L, 
510471794L, 1135647856L, 277021220L, 586362936L, -860825574L, 
1447941840L, -746038212L, 798917780L, -301127550L, -291729472L, 
-987674308L, 1425444496L, 2119075874L, -702511096L, 172932236L, 
-1771351012L, 45417106L, -1317482368L, -538221548L, -1094926040L, 
-131433926L, 751473872L, -1829127060L, 171007668L, 1938794514L, 
-282284064L, 1614506956L, -2087090720L, -1193739742L, 1087468840L, 
235728140L, -1109391812L, -612034318L, 612714224L, 253501252L, 
867993176L, 974285370L, -838971664L, -1032456004L, 2052897300L, 
175930562L, 1568115808L, -259216004L, -1495533360L, -1151013854L, 
-830544216L, -124540020L, 341628348L, 166994994L, -1487745216L, 
-1332140876L, 1849958216L, 1579111098L, -1686290672L, 468108524L, 
-934998956L, 1419915026L, -616530016L, 1455113164L, -341107872L, 
-119274302L, 1233878568L, -1472610900L, 2121329468L, 1836406642L, 
-297091280L, -813328860L, -1475679176L, 485229463L, -843883424L, 
997629502L, 83441419L, -814297715L, 2018883258L, 1358386424L, 
-2033392991L, 995148371L, 293870964L, 1272681218L, 315855767L, 
-781511327L, -1334930010L, -1186125916L, 1414890069L, -2118364417L, 
-407439464L, -1691060042L, -948425405L, -761041787L, 254006562L, 
-1005076976L, -297779783L, 1925873259L, -1966026404L, 917072010L, 
1035952255L, -2130734647L, 1713410654L, -1830483700L, 65481949L, 
-1558320665L, 1523094032L, -1212395730L, 763311067L, 2045396157L, 
1374860842L, -278451512L, 326488049L, 1138262371L, -449728156L, 
2006365330L, -789345945L, 184568625L, -1335086986L, -1877415532L, 
296603045L, -1280145745L, 1322286952L, 666424134L, 1079272179L, 
607534165L, 2024157234L, -629592576L, 1876156137L, -1125720741L, 
536104876L, 1571361722L, 697847151L, -1267489031L, -1572429938L, 
1039202908L, -591554355L, 129468471L, 1431425728L, -1231813218L, 
1681163883L, 664247789L, -2045875110L, -269591784L, -827867007L, 
-1463945677L, 1582845012L, 2081613922L, 1906990839L, 880374081L, 
-490805306L, -298066684L, 1320621237L, -960547937L, 153304056L, 
577353174L, -1536586653L, -1363396571L, 2038022082L, 587568304L, 
213459161L, -2092911029L, -81597252L, -326298902L, 430666527L, 
-121766999L, -1151185602L, 593720364L, -953970051L, -830567225L, 
-2084169296L, -1273535538L, -1326366469L, -1788754083L, 1891574922L, 
301724328L, 155098641L, -589902077L, 498592260L, 1003967026L, 
2146169479L, 1635256017L, -2051493802L, 1904414772L, -560680123L, 
-801750641L, -1227609848L, 211514150L, 802622419L, -179016395L, 
-2032718702L, 382526560L, -590331447L, 1489959163L, -2083174708L, 
-1022067878L, 2057961039L, -1086719207L, 840205614L, 1501790012L, 
-212058963L, 243298135L, -576691552L, -1784304642L, -388347189L, 
-1843934003L, -1633726470L, -1564269512L, 452527585L, -1559400813L, 
1804008628L, 778659266L, 1173943767L, -1534813663L, 862636518L, 
1386815716L, -794689515L, -916627393L, -35360808L, -1762340362L, 
